{"cells":[{"cell_type":"markdown","metadata":{"id":"meDke5-D-b_t"},"source":["#Contents\n","In this notebook, we will:\n","1. Implement PCA from scratch using Covariance Matrix and its Eigen Decomposition\n","2. Implemet PCA Analysis using sklearn library."]},{"cell_type":"markdown","metadata":{"id":"SwgkWF2aA6YE"},"source":["# Section1: Implement PCA "]},{"cell_type":"code","execution_count":2,"metadata":{"executionInfo":{"elapsed":5,"status":"ok","timestamp":1695093069831,"user":{"displayName":"Ukash Nakarmi","userId":"01757892645475547705"},"user_tz":300},"id":"Arhjp7MipbsX"},"outputs":[],"source":["import numpy as np"]},{"cell_type":"code","execution_count":3,"metadata":{"colab":{"base_uri":"https://localhost:8080/"},"executionInfo":{"elapsed":275,"status":"ok","timestamp":1695093683440,"user":{"displayName":"Ukash Nakarmi","userId":"01757892645475547705"},"user_tz":300},"id":"O5cKrdqIqpt_","outputId":"31fd460d-36fc-4355-9845-794142a2c937"},"outputs":[{"name":"stdout","output_type":"stream","text":["The Sample Data is: \n"," [[54 71 60]\n"," [54 42 64]\n"," [43 89 96]\n"," [38 79 52]]\n"]}],"source":["# Generate a sample Data with N observations and P Features\n","# For demonstration purposes, let's create random data.\n","N = 4  # Number of data points\n","P = 3  # Number of features\n","K = 4  # Number of Principal Components, uses K-1 PCs\n","\n","# Create a random data matrix for demonstration\n","np.random.seed(0)\n","X = (np.random.rand(N, P)*100).astype(int)\n","print('The Sample Data is: \\n', X)"]},{"cell_type":"code","execution_count":4,"metadata":{"colab":{"base_uri":"https://localhost:8080/"},"executionInfo":{"elapsed":4,"status":"ok","timestamp":1695093684859,"user":{"displayName":"Ukash Nakarmi","userId":"01757892645475547705"},"user_tz":300},"id":"0lbHF9xfqrzc","outputId":"4d9384dd-9d4d-4deb-bafb-9ab6b2e0f2fc"},"outputs":[{"name":"stdout","output_type":"stream","text":["The Mean Values are: [47.25 70.25 68.  ]\n","The Mean Centered Data is: \n"," [[  6.75   0.75  -8.  ]\n"," [  6.75 -28.25  -4.  ]\n"," [ -4.25  18.75  28.  ]\n"," [ -9.25   8.75 -16.  ]]\n"]}],"source":["# Step 1: Standardize the data (mean centering)\n","mean = np.mean(X, axis=0)\n","print('The Mean Values are:', mean)\n","X_standardized = X - mean\n","print('The Mean Centered Data is: \\n', X_standardized)"]},{"cell_type":"code","execution_count":5,"metadata":{"colab":{"base_uri":"https://localhost:8080/"},"executionInfo":{"elapsed":5,"status":"ok","timestamp":1695093124814,"user":{"displayName":"Ukash Nakarmi","userId":"01757892645475547705"},"user_tz":300},"id":"8hqrG9ZsqsVg","outputId":"f81c0aae-cff0-4d79-f64c-17587b778088"},"outputs":[{"name":"stdout","output_type":"stream","text":["The co-variance matrix is:\n"," [[  64.91666667 -115.41666667  -17.33333333]\n"," [-115.41666667  408.91666667  164.        ]\n"," [ -17.33333333  164.          373.33333333]]\n"]}],"source":["# Compute Covariance Matrix\n","cov_matrix = np.cov(X_standardized, rowvar=False) # rowvar =False because in our data matrix each column is a variable, not each row\n","print('The co-variance matrix is:\\n', cov_matrix)\n"]},{"cell_type":"code","execution_count":6,"metadata":{"colab":{"base_uri":"https://localhost:8080/"},"executionInfo":{"elapsed":261,"status":"ok","timestamp":1695093130045,"user":{"displayName":"Ukash Nakarmi","userId":"01757892645475547705"},"user_tz":300},"id":"L1twEjmLPOrk","outputId":"929af91c-2ca2-4730-d02c-b896d5dc1a54"},"outputs":[{"name":"stdout","output_type":"stream","text":["The Eigen Values are: [575.15066281  26.3607121  245.65529176]\n","The Eigen Vectors are:\n"," [[-0.1918129   0.93779691  0.28938687]\n"," [ 0.753532    0.32964307 -0.56879256]\n"," [ 0.62880628 -0.10896052  0.76988977]]\n","\n"," \n","\n","The sorted indices are: [0 2 1]\n","The sorted Eigen Values are: [575.15066281 245.65529176  26.3607121 ]\n","The sorted Eigen Vectors are: \n"," [[-0.1918129   0.28938687  0.93779691]\n"," [ 0.753532   -0.56879256  0.32964307]\n"," [ 0.62880628  0.76988977 -0.10896052]]\n","The size of Eigen Vector Matrix is: (3, 3)\n"]}],"source":["#Compute Eigen Vectors of Covariance Matrix.\n","# The sorted Eigen Vectors are Principal Components of Data Matrix X\n","eigenvalues, eigenvectors = np.linalg.eig(cov_matrix)\n","print('The Eigen Values are:', eigenvalues)\n","print('The Eigen Vectors are:\\n', eigenvectors)\n","print('\\n \\n')\n","\n","# Sort\n","sorted_indices = np.argsort(eigenvalues)[::-1]\n","print('The sorted indices are:',sorted_indices)\n","eigenvalues = eigenvalues[sorted_indices]\n","eigenvectors = eigenvectors[:, sorted_indices]\n","print('The sorted Eigen Values are:', eigenvalues)\n","print('The sorted Eigen Vectors are: \\n', eigenvectors)\n","print('The size of Eigen Vector Matrix is:', eigenvectors.shape)"]},{"cell_type":"code","execution_count":7,"metadata":{"colab":{"base_uri":"https://localhost:8080/"},"executionInfo":{"elapsed":3,"status":"ok","timestamp":1695093136893,"user":{"displayName":"Ukash Nakarmi","userId":"01757892645475547705"},"user_tz":300},"id":"jDzH6cnxqpel","outputId":"f507d943-3c99-4b1e-d07e-0c041a9c49f7"},"outputs":[{"name":"stdout","output_type":"stream","text":["The Principal Components are: \n"," [[-0.1918129   0.28938687  0.93779691]\n"," [ 0.753532   -0.56879256  0.32964307]\n"," [ 0.62880628  0.76988977 -0.10896052]]\n"]}],"source":["#Select the top K eigenvectors (K columns) to obtain the K principal components\n","principal_components = eigenvectors[:, :K-1]\n","print('The Principal Components are: \\n', principal_components)"]},{"cell_type":"code","execution_count":8,"metadata":{"colab":{"base_uri":"https://localhost:8080/"},"executionInfo":{"elapsed":278,"status":"ok","timestamp":1695093140085,"user":{"displayName":"Ukash Nakarmi","userId":"01757892645475547705"},"user_tz":300},"id":"CoPuAYKduzYw","outputId":"2a482bae-e36e-4a5a-9714-b896b062f1c5"},"outputs":[{"name":"stdout","output_type":"stream","text":["The Projections are: \n"," [[ 80.87125243  21.43600582  67.50806014]\n"," [ 61.53404961  41.01054911  57.51256907]\n"," [119.18179641  35.73051608  59.20329065]\n"," [ 84.9380645    6.09635723  56.01213822]]\n"]}],"source":["# Projection of Data Matrix X on K Principal Components\n","#projections = np.dot(X, principal_components)\n","projections = np.matmul(X, principal_components)\n","\n","print('The Projections are: \\n', projections)"]},{"cell_type":"code","execution_count":9,"metadata":{"colab":{"base_uri":"https://localhost:8080/"},"executionInfo":{"elapsed":4,"status":"ok","timestamp":1695093144834,"user":{"displayName":"Ukash Nakarmi","userId":"01757892645475547705"},"user_tz":300},"id":"D2K5KObW4JxF","outputId":"5584e58e-1e71-4a0c-8ac4-e5642053f1e6"},"outputs":[{"name":"stdout","output_type":"stream","text":["The size of the original data matrix X is: (4, 3)\n","The reduced dimension of data matrix X is: (4, 3)\n"]}],"source":["# Check Input and Output Dimensions\n","print('The size of the original data matrix X is:',X.shape)\n","print('The reduced dimension of data matrix X is:',projections.shape)"]},{"cell_type":"code","execution_count":10,"metadata":{"colab":{"base_uri":"https://localhost:8080/"},"executionInfo":{"elapsed":308,"status":"ok","timestamp":1695093146924,"user":{"displayName":"Ukash Nakarmi","userId":"01757892645475547705"},"user_tz":300},"id":"WdZzMSxzaeFQ","outputId":"7c45a33a-d5ed-43d7-d4fe-3fa76874b7a1"},"outputs":[{"name":"stdout","output_type":"stream","text":["[[54. 71. 60.]\n"," [54. 42. 64.]\n"," [43. 89. 96.]\n"," [38. 79. 52.]]\n"]}],"source":["# Reconstructed\n","\n","x_recon = np.matmul(projections,principal_components.T)\n","print(x_recon)"]},{"cell_type":"markdown","metadata":{"id":"R4rK2zZkv6Su"},"source":["# Section2:  PCA using sklearn Library"]},{"cell_type":"code","execution_count":11,"metadata":{"executionInfo":{"elapsed":10,"status":"ok","timestamp":1695091170104,"user":{"displayName":"Ukash Nakarmi","userId":"01757892645475547705"},"user_tz":300},"id":"S0xSelD0v54S"},"outputs":[],"source":["import numpy as np\n","from sklearn.decomposition import PCA"]},{"cell_type":"code","execution_count":12,"metadata":{"colab":{"base_uri":"https://localhost:8080/"},"executionInfo":{"elapsed":1,"status":"ok","timestamp":1695091898138,"user":{"displayName":"Ukash Nakarmi","userId":"01757892645475547705"},"user_tz":300},"id":"CgxZ5Px_v5D5","outputId":"8ffd20a4-0a39-415f-8cd1-961eefd1eaf2"},"outputs":[{"name":"stdout","output_type":"stream","text":["The Principal Components are:\n"," [[-0.1918129  -0.28938687  0.93779691]\n"," [ 0.753532    0.56879256  0.32964307]\n"," [ 0.62880628 -0.76988977 -0.10896052]]\n"]}],"source":["pca = PCA(n_components=K-1)\n","principal_components_skl = pca.fit(X_standardized)\n","print('The Principal Components are:\\n', np.transpose(pca.components_))"]},{"cell_type":"code","execution_count":13,"metadata":{"colab":{"base_uri":"https://localhost:8080/"},"executionInfo":{"elapsed":5,"status":"ok","timestamp":1695091900370,"user":{"displayName":"Ukash Nakarmi","userId":"01757892645475547705"},"user_tz":300},"id":"FWXHJ1NS2gdu","outputId":"e913b7bb-7402-4336-87d1-b61a6ac75bba"},"outputs":[{"name":"stdout","output_type":"stream","text":["The Projections:\n"," [[ 80.87125243 -21.43600582  67.50806014]\n"," [ 61.53404961 -41.01054911  57.51256907]\n"," [119.18179641 -35.73051608  59.20329065]\n"," [ 84.9380645   -6.09635723  56.01213822]]\n"]}],"source":["# Projections:\n","projections_skl = pca.transform(X)\n","print('The Projections:\\n', projections_skl)"]},{"cell_type":"code","execution_count":14,"metadata":{"colab":{"base_uri":"https://localhost:8080/"},"executionInfo":{"elapsed":311,"status":"ok","timestamp":1695091907580,"user":{"displayName":"Ukash Nakarmi","userId":"01757892645475547705"},"user_tz":300},"id":"RUMtUg3qTHi1","outputId":"3f3bad5e-78a8-4786-fd82-83c4ff9d5726"},"outputs":[{"name":"stdout","output_type":"stream","text":["Recon X:\n",": [[54. 71. 60.]\n"," [54. 42. 64.]\n"," [43. 89. 96.]\n"," [38. 79. 52.]]\n","[0. 0. 0.]\n"]}],"source":["x_recon = pca.inverse_transform(projections_skl)\n","print('Recon X:\\n:',x_recon+pca.mean_)\n","print(pca.mean_)"]}],"metadata":{"colab":{"authorship_tag":"ABX9TyPic7Q6EkEuqBZLItF+rlXl","provenance":[]},"kernelspec":{"display_name":"pytorch","language":"python","name":"python3"},"language_info":{"codemirror_mode":{"name":"ipython","version":3},"file_extension":".py","mimetype":"text/x-python","name":"python","nbconvert_exporter":"python","pygments_lexer":"ipython3","version":"3.9.18"}},"nbformat":4,"nbformat_minor":0}
